2
1 10
2
10 1
5
1 2 3 4 5
4
2 3 5 7
2
5 5
2
4 8
2
8 1
3
1 2 3
3
1 1 1
3
1 1 8
4
2 16 3 4
4
4 4 4 4
8
3 0 0 3 123 68 1 8
8
33 2 1 1 1 1 1 8
8
5 1 55 72 1 23 1 8
8
1 221 21 31 1 1 1 8
8
1 100 31 221 1 1 1 8
8
1 7 8 10 1 1 1 8
8
1 1 1 1 1 1 1 8
10
1 2 3 4 5 6 7 8 9 10
10
1 2 3 4 5 6 7 8 9 10
10
1 2 3 4 5 6 7 8 9 10
11
14 33 21 32 42 52 62 7 18 9 10
11
144 12 22 31 14 51 36 47 58 91 10
11
1 23 2 13 14 5 6 7 8 9 10
10
3 3 3 5 5 2 1 1 9 10
10
10 8 1 8 9 1 3 4 5 1
20
1 2 3 4 5 6 7 8 9 10 11 12 13 14 15 16 17 18 19 20
20
10 2 33 4 5 6 7 8 19 15 12 13 13 14 2315 16 17 18 19 20
20
1 234 3 22 5 6 7 8 9 10 11 12 13 14 15 16 17 18 19 20
20
1013 1933 1333 1244 1125 3368 148 833 1309 115 822 1113 5313 1234 1325 3116 118 1338 2119 11244
20
21 21 343 224 2415 86 97 28 9 103 111 112 113 614 153 163 17 138 19 20
20
10 32 33 45 51 6 117 8 19 15 112 143 123 124 145 126 17 182 19 20
20
1 2 13 44 54 6 17 8 9 140 11 112 13 124 115 16 17 18 19 20
20
10 2 33 4 5 6 7 48 119 1235 12 13 13 14 145 116 17 18 19 20
20
2 2 2 21 22 2 2 222 2 2 100 1 1 1 1 1 241 1 1 1
20
2 2 2 2 2 2 2 2 332 2 1 1 1 31 1 13 31 1 1 1
20
2 2 2 22 2 52 2 2 2 2 13 1 1 1 1 31 1 1 1 1
20
2 2 2 2 21 2 2 2 2 2 11 1 1 1 31 1 1 21 1 1
20
2 21 2 2 552 2 2 2 2 2 21 1 11 111 1 1 13 1 331 1
0
